-1.5399747491573687e-07 -0.055256092341748435 -0.07803277100884587
-0.04780015925760113 0.027535945370848906 -0.07803277100884588
0.047799851262651336 0.027535945370848934 -0.07803277100884591
0.04779985126265131 0.02753594537084897 0.07808139244403246
-1.5399747487180644e-07 -0.05525609234174846 0.0780813924440324
-0.047800159257601324 0.0827306371792465 2.4310717593286868e-05
0.047799851262651426 0.08273063717924653 2.4310717593286868e-05
0.04779985126265148 -0.08285343824594761 2.4310717593250256e-05
-0.04780015925760132 -0.08285343824594758 2.4310717593242937e-05
0.09559985652278141 -6.140053335054078e-05 2.4310717593264845e-05
-1.5399747498895387e-07 -6.140053335054079e-05 2.4310717593250205e-05